-0.81511 -1.66557 4.00
-0.29796 -1.10806 3.62
-1.04508 -1.55787 3.32
0.76733 -1.18633 1.92
-0.45242 -1.01234 2.69
0.34665 -0.94691 2.89
-0.76575 -1.02033 3.64
0.18893 -0.69836 3.19
-0.62616 -0.71188 1.33
0.63416 -0.73560 2.85
-0.93030 -0.87191 3.13
-0.03851 -0.43360 0.61
0.19583 -0.46956 1.33
-0.55221 -0.48303 1.25
-0.79128 -0.51927 2.80
-0.71165 -0.38881 1.63
1.44045 -0.76593 3.34
1.47434 -0.72725 2.85
1.25766 -0.60163 3.13
-0.23503 -0.07611 2.30
-0.96044 -0.20581 3.96
-1.02633 -0.13355 2.60
-0.77265 0.06186 2.17
0.29129 0.24411 2.30
-0.12734 0.26175 2.55
0.48067 0.45290 2.68
0.25859 0.53186 2.31
0.87839 0.48502 2.78
-0.03280 0.86546 2.06
-0.54348 0.80978 2.75
