0.5287801500000001 -0.21073689000000004 -7.4212
0.4136445899999999 -0.012644370000000066 -6.5477
0.45843407999999997 0.59648994 -6.4495
0.28065312000000003 0.45481743000000013 -5.7899
0.14415840000000016 0.5616745200000001 -5.3883
-0.2708337600000001 0.4657078800000002 -5.0215
0.027781919999999866 0.0417444300000001 -4.7977
-0.75682647 -0.46285776000000006 -4.7845
-1.2918530700000002 0.48325139999999994 -4.3706
-0.08221284000000005 -0.54323514 -4.2689
-0.35541072 -0.61476165 -4.133
-0.23697711 -0.16752797999999997 -4.0051
-0.04821308999999997 -0.9725454 -3.9777
-0.18278244000000005 0.74949219 -3.7631
0.78731568 0.5475953699999999 -3.7629
1.26306972 -1.3463612100000002 -3.7283
-0.5126716800000001 1.37948157 -3.7057
1.2247958700000001 -0.5989914900000001 -3.6931
-0.6890535 1.37462454 -3.6753
-0.7111389600000001 1.3758122700000002 -3.6699
0.7344 -1.13348349 -3.6561
-1.3559599800000002 1.37780838 -3.6295
-0.5707030500000001 1.3806830700000001 -3.5953
-0.6643520100000001 1.37509191 -3.5589
1.34643114 -1.35227232 -3.5378
0.87474762 -1.0832243400000001 -3.5377
-0.73468566 0.5546969100000001 -3.4949
-0.20963934000000004 -0.79695117 -3.4506
1.2473406 -1.29003624 -3.4043
-0.46192356000000007 1.3807314 -3.3765
-0.051837569999999965 1.3440756600000001 -3.2696
0.82852119 1.3809090600000002 -3.2624
0.6843347100000001 1.22619987 -3.2584
1.1030053499999999 1.3768272000000001 -3.2162
1.0071 0.5144998500000002 -3.1971
0.22378680000000006 -0.60384177 -3.1969
0.43210638 1.3134741300000001 -3.1483
0.23266277999999987 0.67406472 -3.1383
-0.8666222400000001 0.018472589999999855 -3.1382
0.7314526800000001 0.49935582 -3.1382
