-0.81510 -1.66766 4.00
-1.04506 -1.55979 3.32
0.76795 -1.18885 1.92
-0.45205 -1.01426 2.69
0.34719 -0.94914 2.89
-0.42536 -0.94021 3.05
-0.62561 -0.71363 1.73
0.63482 -0.73785 2.85
-0.92991 -0.87359 3.13
0.19644 -0.47156 -0.01
-0.03788 -0.43553 0.61
1.30243 -0.99208 3.62
-0.55163 -0.48477 1.25
-0.79071 -0.52093 2.80
-1.34220 -0.88029 3.78
-1.23658 -0.80426 3.91
-0.71103 -0.39048 1.63
1.47528 -0.72983 2.85
1.25853 -0.60408 3.13
-1.30562 -0.52988 3.89
-0.23429 -0.07793 2.30
-1.02554 -0.13511 2.60
-0.77180 0.06021 2.17
0.29214 0.24211 2.30
-0.12647 0.25987 2.55
0.09130 0.32721 3.55
0.48156 0.45082 2.68
0.25951 0.52983 2.31
-0.19790 0.51668 3.04
0.87930 0.48282 2.78
-0.03174 0.86342 2.06
-0.54233 0.80788 2.75
