0.5032146600000001 -0.11275362000000004 -7.3055
0.3952659600000001 0.08715221999999996 -6.4117
0.46194084 0.7003899899999999 -6.2527
0.2783394900000001 0.5612433299999999 -5.758
-0.7825617900000001 -0.32643324000000007 -5.0322
0.14507100000000006 0.6739996500000001 -4.9557
1.3677770700000003 -0.41942313000000003 -4.9328
-0.27686151 0.5886 -4.5971
-1.3433895900000001 0.10716192000000012 -4.4085
0.011795489999999973 0.15192413999999996 -4.133
-0.3861 -0.4866282900000001 -4.0839
-1.13935599 -0.28868319 -4.0837
-0.11324097000000002 -0.42399639000000006 -4.0321
-0.25818696 -0.04934871000000007 -3.9777
0.23697791999999993 0.78601563 -3.9495
0.7913540700000001 0.6411822300000002 -3.7285
0.35868824999999993 -0.34764687000000005 -3.6561
0.7122270599999999 1.33960257 -3.6197
-0.24606909000000007 -0.66816468 -3.5378
-0.18045881999999994 0.8761386600000002 -3.4044
-0.88471143 0.15560882999999986 -3.306
0.7323709500000002 0.5932620900000002 -3.3057
-1.36293327 1.2954332700000002 -3.1376
1.17992808 -1.24139223 -2.8659
0.42795 0.8208000000000001 -2.8655
0.8964550800000001 -0.43635293999999997 -2.8655
1.0719 -0.70691886 -2.7849
-0.15355035 -1.05940062 -2.699
1.1043 1.00845 -2.6981
0.513 1.0233 -2.6979
-0.28350000000000003 -0.78705 -2.501
0.38880000000000003 -1.21905 -2.2583
0.90365625 0.28164375 -2.2583
0.7076843100000002 -0.6389525699999999 -2.258
0.71036298 -0.036581489999999994 -2.2578
0.68601546 1.3813545600000001 -2.1152
-0.9045000000000001 -1.30721526 -2.1129
0.0432 1.30950027 -1.9486
-0.3267 -0.97875 -1.9472
-0.5319 -1.1326500000000002 -1.9465
